  +1.0000000
19
  0   0   0  63   0   0   0   0   +0.0000000   +0.0000000   +0.0000000    -1
  0   0   0   0   0   0   0   0   +0.0952390   +0.0007523   +0.0000001     0
  0   0   0   0   0   0   0   0   +0.0234129   -0.4646038   -0.0049952     1
  0   0   0   0   0   0   0   0   +0.0231562   -0.4006253   -0.0124050     2
  0   0   0   0   0   0   0   0   -0.0000000   +0.2124624   +0.0000000     0
  0   1   0   0   0   0   0   0   -0.0002945   +0.2115581   +0.0000000     4
  0   1   0   0   0   0   0   0   -0.0000617   +0.2349734   +0.0000000     5
  0   0   0   0   0   0   0   0   +0.0040140   -0.0843266   -0.2039877     5
  0   0   0   0   0   0   0   0   +0.0000000   -0.2602941   -0.0697457     7
  0   0   0   0   0   0   0   0   +0.0000000   -0.2600267   -0.0696740     8
  0   0   0   0   0   0   0   0   +0.1786139   +0.0782279   -0.0239007     5
  0   0   0   0   0   0   0   0   +0.3022082   +0.0110892   -0.0137861    10
  0   0   0   0   5   0   0   0   +0.2838366   -0.0030066   +0.0263546    11
  0   0   0   0   0   0   0   0   -0.1780248   +0.0782278   -0.0239007     5
  0   0   0   0   0   0   0   0   -0.3022082   +0.0110892   -0.0137860    13
  0   0   0   0   4   0   0   0   -0.2838366   -0.0030065   +0.0263548    14
  0   0   0   0   0   0   0   0   -0.0952390   +0.0007524   +0.0000000     0
  0   0   0   0   0   0   0   0   -0.0234127   -0.4646038   -0.0049953    16
  0   0   0   0   0   0   0   0   -0.0231561   -0.4006253   -0.0124050    17
  0   0   0   0 
28
data/animations/LID_01_Standing~idle~new~actor.cas                                0      0        0   0   0   0     0   0   0   0   205 204 204  63     0   0   0   0     0   0   0   0     0   0   0   0    28   7  74 127    +0.0000  +0.0000  +1.0000 
  0   0    
data/animations/elephant_cavalry/E_rider~01~Idle.CAS                              0      0        0   0   0   0     0   0   0   0   205 204 204  63     0   0   0   0     0   0   0   0     0   0   0   0    28   7  74 127    +0.0000  +0.0000  +1.0000 
  0      
data/animations/E_RIDER/E_RIDER~01~idle~02.cas                                    0      0        0   0   0   0     0   0   0   0   205 204 204  63     0   0   0   0     0   0   0   0     0   0   0   0    28   7  74 127    +0.0000  +0.0000  +1.0000 
  0      
data/animations/E_RIDER/E_RIDER~01~idle~03.cas                                    0      0        0   0   0   0     0   0   0   0   205 204 204  63     0   0   0   0     0   0   0   0     0   0   0   0    28   7  74 127    +0.0000  +0.0000  +1.0000 
  0      
data/animations/LID_01_Incidental_idle~04.cas                                     0      0        0   0   0   0     0   0   0   0   205 204 204  63     0   0   0   0     0   0   0   0     0   0   0   0    28   7  74 127    +0.0000  +0.0000  +1.0000 
  2   
 5  0  0  0  9  0  9  0 neck_crack                0  0  0 
 5  0  0  0 10  0 14  0 stretch_arms              0  1  0    
data/animations/LID_01_Incidental_idle~05.cas                                     0      0        0   0   0   0     0   0   0   0   205 204 204  63     0   0   0   0     0   0   0   0     0   0   0   0    28   7  74 127    +0.0000  +0.0000  +1.0000 
  2   
 5  0  0  0  7  0  7  0 neck_crack                0  0  0 
 5  0  0  0  8  0 12  0 stretch_back              0  1  0    
data/animations/LID_01_Incidental_idle~06.cas                                     0      0        0   0   0   0     0   0   0   0   205 204 204  63     0   0   0   0     0   0   0   0     0   0   0   0    28   7  74 127    +0.0000  +0.0000  +1.0000 
  2   
 5  0  0  0  8  0  8  0 neck_crack                0  0  0 
 5  0  0  0 10  0 12  0 stretch_arms              0  1  0    
data/animations/LID_01_Incidental_idle~07.cas                                     0      0        0   0   0   0     0   0   0   0   205 204 204  63     0   0   0   0     0   0   0   0     0   0   0   0    28   7  74 127    +0.0000  +0.0000  +1.0000 
  1   
 5  0  0  0  2  0  2  0 stretch_arms              0  0  0    
data/animations/LID_01_Incidental_idle~08.cas                                     0      0        0   0   0   0     0   0   0   0   205 204 204  63     0   0   0   0     0   0   0   0     0   0   0   0    28   7  74 127    +0.0000  +0.0000  +1.0000 
  1   
 5  0  0  0  4  0  4  0 sneeze                    0  0  0    
data/animations/LID_01_Incidental_idle~09.cas                                     0      0        0   0   0   0     0   0   0   0   205 204 204  63     0   0   0   0     0   0   0   0     0   0   0   0    28   7  74 127    +0.0000  +0.0000  +1.0000 
  0   0 0 0 0    
data/animations/elephant_cavalry/E_rider~21~stand~to~walk.CAS                     0      0        0   0   0   0     0   0   0   0   205 204 204  63     0   0   0   0     0   0   0   0     0   0   0   0    28   7  74 127    +0.0000  +0.0000  +1.0000 
  0   0    
data/animations/elephant_cavalry/E_rider~23~walk~to~stand.CAS                     0      0        0   0   0   0     0   0   0   0   205 204 204  63     0   0   0   0     0   0   0   0     0   0   0   0    28   7  74 127    +0.0000  +0.0000  +1.0000 
  0   0 0 0    
data/animations/elephant_cavalry/E_rider~21~stand~to~run.CAS                      0      0        0   0   0   0     0   0   0   0   205 204 204  63     0   0   0   0     0   0   0   0     0   0   0   0    28   7  74 127    +0.0000  +0.0000  +1.0000 
  0   0    
data/animations/elephant_cavalry/E_rider~24~run~to~stand.CAS                      0      0        0   0   0   0     0   0   0   0   205 204 204  63     0   0   0   0     0   0   0   0     0   0   0   0    28   7  74 127    +0.0000  +0.0000  +1.0000 
  0   0 0    
data/animations/LID_48_Standing~ready~2~STAND.cas                                 0      0        0   0   0   0     0   0   0   0   205 204 204  63     0   0   0   0     0   0   0   0     0   0   0   0    28   7  74 127    +0.0000  +0.0000  +1.0000 
  1   
 2  0  0  0 14  0 15  0 unit_march                0  0  0    
data/animations/LID_02_Standing~Ready.cas                                         0      0        0   0   0   0     0   0   0   0   205 204 204  63     0   0   0   0     0   0   0   0     0   0   0   0    28   7  74 127    +0.0000  +0.0000  +1.0000 
  0   0 0 0 0 0 0 0 0 0 0 0 0 0 0    
data/animations/LID_33_STAND~2~Standing~ready.cas                                 0      0        0   0   0   0     0   0   0   0   205 204 204  63     0   0   0   0     0   0   0   0     0   0   0   0    28   7  74 127    +0.0000  +0.0000  +1.0000 
  1   
 2  0  0  0  6  0 10  0 unit_march                0  1  0    0 0 0 0 0 0 0 0 0 0 0 0 0 0 0 0 0 0 0 0 0 0 0 0 0 0 0 0 0 0 0 0 0 0 0 0 0 0 0 0 
data/animations/LID_61~Archer~stand~ready~to~aim~FASTER.cas                       0      0        0   0   0   0     0   0   0   0   205 204 204  63     0   0   0   0     0   0   0   0     0   0   0   0    28   7  74 127    +0.0000  +0.0000  +1.0000 
  2   
 1  0  0  0  0  0  4  0 ANIM_ARCHER_LOAD          0  1  0 
 1  0  0  0  5  0  6  0 ANIM_ARCHER_AIM           0  1  0    
data/animations/LID_62~Archer~aim~and~hold~looping.cas                            0      0        0   0   0   0     0   0   0   0   205 204 204  63     0   0   0   0     0   0   0   0     0   0   0   0    28   7  74 127    +0.0000  +0.0000  +1.0000 
  0      
data/animations/LID_63~release~arrow~return~to~stand~ready.cas                    0      0        0   0   0   0   133 235 177  63   113  61  10  63     0   0 113  61    10  63   1   0   250  46 217  58    28   7  74 127    +0.0000  +0.0000  +1.0000 
  1   
 1  0  0  0  2  0  4  0 ANIM_ARCHER_FIRE          0  1  0    
data/animations/elephant_cavalry/E_rider~die.CAS                                  0  52084        0   0   0   0     0   0   0   0   205 204 204  63     0   0   0   0     0   0   0   0     0   0   0   0    28   7  74 127    +0.0000  +0.0000  +1.0000 
  2   
 4  0  0  0  2  0  2  0 INDIVIDUAL_DEATH          0  0  0 
 2  0  0  0 16  0 16  0 fall                      0  0  0    0 
data/animations/elephant_cavalry/E_rider~die.CAS                                  0  52084        0   0   0   0     0   0   0   0   205 204 204  63     0   0   0   0     0   0   0   0     0   0   0   0    28   7  74 127    +0.0000  +0.0000  +1.0000 
  2   
 4  0  0  0  2  0  2  0 INDIVIDUAL_DEATH          0  0  0 
 2  0  0  0 16  0 16  0 fall                      0  0  0    0 
data/animations/elephant_cavalry/E_rider~die.CAS                                  0  52084        0   0   0   0     0   0   0   0   205 204 204  63     0   0   0   0     0   0   0   0     0   0   0   0    28   7  74 127    +0.0000  +0.0000  +1.0000 
  2   
 4  0  0  0  2  0  2  0 INDIVIDUAL_DEATH          0  0  0 
 2  0  0  0 16  0 16  0 fall                      0  0  0    0 0 0 
data/animations/Flailing~Cycle.cas                                                0      0        0   0   0   0     0   0   0   0   205 204 204  63     0   0   0   0     0   0   0   0     0   0   0   0    28   7  74 127    +0.0000  +0.0000  +1.0000 
  1   
 4  0  0  0  0  0  2  0 Fall_Scream               0  1  1    
data/animations/Flailing~Cycle~to~land.cas                                        0  22126        0   0   0   0     0   0   0   0   205 204 204  63     0   0   0   0     0   0   0   0     0   0   0   0    28   7  74 127    +0.0000  +0.0000  +1.0000 
  2   
 1  0  0  0  2  0  2  0 ANIM_FALL_SQUASH          0  0  0 
 4  0  0  0  4  0  4  0 INDIVIDUAL_FALL_GRUNT     0  0  0    0 0 0 0 0 0 0 0 0 0 0 0 0 0 0 0 0 0 0 0 0 0 0 0 0 0 0 0 0 0 0 0 0 0 0 0 0 0 0 0 0 0 0 0 0 0 0 0 0 0 0 0 0 0 0 0 0 0 0 0 0 0 0 0 0 0 0 0 0 0 0 0 0 0 0 0 0 0 0 0 0 0 0 0 0 0 0 0 0 0 0 0 0 0 0 0 0 0 0 0 0 0 0 0 0 0 0 0 0 0 0 0 0 0 0 0 0 0 0 0 0 0 0 0 0 0 0 0 0 0 0 0 0 0 0 0 0 0 0 0 0 0 0 0 0 0 0 0 0 0 0 0 0 0 0 0 0 0 0 0 0 0 0 0 0 0 0 0 0 0 0 0 0 0 0 0 0 0 0 0 
data/animations/E_RIDER/E_RIDER~14~taunt.cas                                      0      0        0   0   0   0     0   0   0   0   205 204 204  63     0   0   0   0     0   0   0   0     0   0   0   0    28   7  74 127    +0.0000  +0.0000  +1.0000 
  1   
 4  0  0  0 26  0 40  0 Taunting                  0  1  0    
data/animations/LID_57_06~Taunt~1.cas                                             0      0        0   0   0   0     0   0   0   0   205 204 204  63     0   0   0   0     0   0   0   0     0   0   0   0    28   7  74 127    +0.0000  +0.0000  +1.0000 
  0   0    
data/animations/horse_cavalry/Cav~38~bowman~slash~left~~downwards.cas             0      0        0   0   0   0     0   0   0   0   205 204 204  63     0   0   0   0     0   0   0   0     0   0   0   0    28   7  74 127    +0.0000  +0.0000  +1.0000 
  2   
 1  0  0  0 16  0 16  0 ANIM_SWOOSH               0  0  0 
 1  0  0  0 18  0 18  0 ANIM_KILL_MOUNT           0  0  0    0 0 0 0 0 0 0 0 0 0 0 0 0 0 0 0 0 0 0 0 
  +0.0000000   +0.0000000   +0.0000000 1 0 
